task_uuid,max_vertex_degree,min_vertex_degree,mean_vertex_degree,std_dev_vertex_degree,max_weight,min_weight,mean_weight,std_dev_weight,max_edge_order,mean_edge_order,std_dev_edge_order,one_norm,log_fci_dim,n_elec,n_orbs,df_gap,embedding,embedded_component_1,embedded_component_2,Y,Y_predicted,prob_class_0,prob_class_1
f2f09d9f-8328-4d4a-ba91-089f9e56bf0d,21502,5474,17810.071428571428,4807.987802520268,48.542420768742005,1.1217996960189153e-08,0.0079177604462022,0.2595488839357509,28,13.180789765819105,5.567881612520981,299.56054872161616,13.678566336433148,18,28,11.116348473659334,PCA,0.1745673707915475,-0.2848757635410434,True,True,0.042369705539791705,0.9576302944602083
402d5237-16a3-4eb8-8bd4-5dcf2cb14c36,6824,1800,5561.545454545455,1530.9470547009523,6.188105790180489,5.3920597527755416e-08,0.0199691441809349,0.1993549445168324,22,10.63670346866035,4.193991717931958,229.7050655132928,5.551132700728608,6,22,10.052686013148902,PCA,0.3885797506836834,-0.26984205682444123,True,True,0.033919551360576436,0.9660804486394233
4357d5bb-ed2b-466a-947b-e868afb81d3d,80,48,61.333333333333336,13.59738536958076,1.2984653642575277,1.183645722193171e-07,0.072044692349259,0.1827711883874162,6,3.376146788990826,1.2691757841660636,7.852871466069238,2.3521825181113627,8,6,2.7029818263098244,PCA,0.6157334017965803,-0.3419969938226397,True,True,0.042811130403176495,0.9571888695968236
b164af91-a758-445c-8e78-610ffd2ad795,919,529,809.0,154.14279094398154,1.582613625282045,2.618390851243749e-07,0.0162367957764731,0.0741513047323097,9,5.287581699346405,1.762622832559809,22.3580677842036,3.848558572123763,12,9,3.3216637656508987,PCA,0.5544015552370032,-0.3631934402554811,True,True,0.03576455829144359,0.9642354417085564
28bd4997-c04c-4914-9984-0101713041fe,5264,2224,4512.0,1052.9479704958972,2.521499633927617,1.3647129085109886e-07,0.0080060708685027,0.0642796805583918,14,7.451692815854665,2.7167286196524234,67.86746275229845,5.122202767298112,22,14,3.2776437885964564,PCA,0.48135452653582905,-0.37803361469417524,True,True,0.03869295619692309,0.961307043803077
dcf2b441-b297-4a89-ae18-5778ec2d674d,2866,1354,2476.0,544.8559442641697,0.8076861300124085,4.731073612573509e-08,0.0058265892754142,0.0356694655586384,12,6.602666666666667,2.3288322300147675,26.219651739364025,5.389210397867138,16,12,3.133517538457587,PCA,0.5090134919426388,-0.3719608974231443,True,True,0.038510338573435256,0.9614896614265648
68db6781-dd54-43c4-b667-7b754c4d5cdb,37357,10681,31316.391304347828,8369.82093070684,1.3865224293955831,1.2845703482069731e-08,0.0018779306141578,0.0212236923842307,23,11.164315828631658,4.496936991702807,121.15657150300622,10.778888596453166,32,23,3.681105896832094,PCA,0.3386599070528574,-0.38431870736734397,True,True,0.033550969211780295,0.9664490307882198
89253c8f-0f01-4046-a138-1bada22f0a6a,26089,8041,21949.0,5748.4512199871215,1.2527482489709971,1.0585676971352478e-08,0.0022534706860829,0.0207163307546892,21,10.348420556341347,4.099166622726956,100.37183782882184,10.13101004619678,28,21,3.142821990404936,PCA,0.3704245399018071,-0.3807031395151168,True,True,0.0319151061338149,0.9680848938661851
be3812d3-5975-4736-8a23-96d64e50e66a,5264,2224,4512.0,1052.9479704958972,32.65146424113854,5.8992025583500637e-08,0.0849423097304308,1.3183815136816004,14,7.451692815854665,2.7167286196524234,720.055959584864,6.6029281462866,18,14,26.961726933513432,PCA,0.4046958631873009,-0.19410395611392833,False,False,0.2762371198161417,0.7237628801838584
a41a284c-7baa-438e-9323-532091c7a78f,5264,2224,4512.0,1052.9479704958972,71.60628484675225,2.725304416694984e-08,0.1056035269282429,2.2100134995527867,14,7.451692815854665,2.7167286196524234,895.20109777071,6.955110664397962,16,14,18.33161190476432,PCA,0.40397691613191916,-0.11023447306470732,True,True,0.04278753310810648,0.9572124668918938
80043b93-039c-4d5a-abcb-84b8f25f7abb,34918,7596,28345.42857142857,8354.523990152928,9.29502308676826,1.4954896590828427e-08,0.0037454734982861,0.0728385750817996,28,13.099059250701435,5.328235002194302,226.93823926116792,11.152083466883983,12,28,9.80022586548359,PCA,0.2712686290603616,-0.28706464514062346,True,True,0.016262253420918794,0.9837377465790812
af56de36-35aa-44b9-8eb7-b9c1e8f7d0f3,5264,2224,4512.0,1052.9479704958972,76.35614369822154,1.8321323569001423e-08,0.1216831557857723,2.1190571809502847,14,7.451692815854665,2.7167286196524234,1031.5081115959963,6.6029281462866,18,14,20.129114772559035,PCA,0.3828344686643588,-0.1158001543664966,True,True,0.04278753303889066,0.9572124669611094
e0de65ed-e45e-46e0-a57b-c6ad4efbdafe,1929,819,1625.9333333333334,358.20431165591646,12.246054870654008,1.5897938787324815e-08,0.0405322054664768,0.4040622444882215,15,7.811979500320308,3.123992827661413,126.54154546634082,5.316022793314225,24,15,4.336977464961933,PCA,0.46460913218683664,-0.34012465195504815,True,True,0.041566386274052444,0.9584336137259474
b4968ccd-6711-4173-8f80-f16094b3e0cd,1929,811,1617.1333333333334,363.6631897175676,12.363204315787524,5.810468342657823e-07,0.0394034585970215,0.4026781732284715,15,7.769698910954516,3.0831636329426977,123.01759773990172,5.316022793314225,24,15,3.928958581570965,PCA,0.4663891840440827,-0.3413925816834501,True,True,0.042408071561562,0.9575919284384379
92917287-d937-410c-bb70-c1f34224fab7,7357,2251,6062.368421052632,1603.3353462975176,3.0091405661593686,2.533894868355935e-07,0.0061609679477107,0.0751333989422546,19,9.524144203737391,3.645626763779615,74.51074635961334,4.465992220784307,4,19,2.4245897083863484,PCA,0.452247632201071,-0.30054458909391024,True,False,0.29008927131099305,0.7099107286890067
35c1aee4-4ef3-4e18-bc2a-377cf45e8fa1,106854,24442,88748.26666666666,24918.49256935277,2.0167652140939536,1.0944590063920856e-08,0.001338218270166,0.0211978808669338,30,14.004997185795368,5.893816735659296,254.40466068646256,13.534745918108822,45,30,4.482279969760295,PCA,0.22502829181583434,-0.3930668110953972,True,True,0.04200590279825837,0.9579940972017416
5509795a-90ce-45d6-b03d-db956a5da5b2,911,521,798.1111111111111,152.70628630329273,1.0037841929587,1.1607439321663765e-08,0.0101124544114687,0.0577424190333822,9,5.27773695811903,1.763582834954603,13.763050454009012,4.200741090235126,11,9,3.3724721924304264,PCA,0.5528645555328476,-0.3633997944047049,True,True,0.035326860377883074,0.9646731396221169
d937e005-3688-4138-9465-426798087395,1140,596,981.8,199.5604169167824,0.78146833368676,1.3384988506415502e-08,0.0087487509601686,0.0435302755447037,10,5.6392877656519245,1.9950358722177448,15.231575421653638,4.723619835515463,10,10,3.4451802410865056,PCA,0.539395200740978,-0.3584528177405885,True,True,0.04282568758047561,0.9571743124195246
dab492c3-27fe-4ac3-8c98-de2563caf66c,731,409,633.4444444444445,119.79900863169028,1.0235621207867398,1.2193175542162953e-08,0.0125372341474626,0.0651997861182752,9,5.1874431301182895,1.8337118873727944,13.778420328061504,3.848558572123763,12,9,3.3762819885919897,PCA,0.5544361472834818,-0.3645538587518919,True,True,0.03419898284865164,0.9658010171513484
13821f5c-78a6-485c-9006-a17a234cde9f,31352,9304,26325.90909090909,6967.255739327364,1.6581875794815446,2.0227301831921105e-08,0.0022815672517077,0.0266275850572152,22,10.757443488920671,4.298168881639676,122.83729926469228,10.46367288972983,30,22,3.629543827996162,PCA,0.3532521060278057,-0.381463881992529,True,True,0.03227604533992857,0.9677239546600716
1a013e9f-7eab-4a1b-b486-1d9e2d99e754,17573,5869,14843.631578947368,3794.630114566002,0.9626672821400298,1.7234946020219472e-08,0.0026558938264315,0.0178645324058457,19,9.528006756756756,3.702030042069726,78.61445726237254,9.756836759482493,22,19,2.466197747867407,PCA,0.40275311172008516,-0.37151365970432754,True,True,0.033089832313675994,0.966910167686324
001a0d11-165a-49c5-a334-643023029f40,81324,19726,67692.21428571429,18789.08434885445,1.8926425641189937,1.0743822448235116e-08,0.0012543491511306,0.0199529144368548,28,13.195547139336387,5.494477018941857,180.1722033701033,13.678566336433148,38,28,4.215826825257331,PCA,0.25584464162686144,-0.38311837529505527,True,True,0.03907057360372463,0.9609294263962755
e7d3b8bd-ff6c-44f6-8a9e-b9b75396cee0,17220,3810,14016.142857142857,3990.634497655423,1.9488078333030197,1.495672191266094e-08,0.0042109325198185,0.0512073620528192,28,13.059097564222014,5.409686613980348,126.54694408558449,7.030687786176761,6,28,2.3443420627594667,PCA,0.34237797301060974,-0.27682223312010945,True,True,0.04281356390454153,0.9571864360954585
80d75334-b878-41ec-99a8-b21277f3df60,11646,3334,9671.833333333334,2564.478369094884,6.062610397664661,1.651815805891938e-08,0.012831855829136,0.1288930404590406,24,11.50952003173344,4.745549346854015,258.7928683620151,9.256859605803362,10,24,8.694990383725742,PCA,0.33879239929262855,-0.2888786009702974,True,True,0.019947013687723877,0.9800529863122759
fa3bc2a8-8067-4088-909a-2ddfa655ebfb,16011,4257,13228.130434782608,3619.480377122947,55.98800296274143,1.039744253594207e-08,0.008990173465649,0.3501692137050828,23,11.124204753199267,4.445053847755642,245.88124428549511,11.82464608701384,18,23,12.438685312404322,PCA,0.2263968493342593,-0.2925728182364398,True,True,0.042803576117402375,0.9571964238825975
77c3a92c-066c-4043-a4a1-5e8324014d0b,76115,14107,62354.03448275862,17859.559044799313,4.617778763810292,1.0118711240495548e-08,0.003001704943756,0.0562482159789746,29,13.584246703977763,5.605743673503958,399.5719535880761,10.149303807990789,10,29,7.913610007707934,PCA,0.27529408132093064,-0.2733766317495977,True,True,0.014573996224130473,0.9854260037758696
240f7830-f4e1-4301-b0af-ab8936851796,21454,5434,17761.285714285714,4828.232631816613,36.14755308746865,1.136108081980239e-08,0.0062528455734329,0.1953513278931669,28,13.159292972057578,5.55921537065871,236.3075399111813,12.984991363983836,16,28,8.891404572560653,PCA,0.2104306774312889,-0.28916270917829956,True,True,0.04137792683937939,0.9586220731606205
09b81c3d-aee1-4bc3-98ce-a72da477b108,51953,13871,43421.72,11801.322297166536,1.7161371706947708,1.5537652190682255e-08,0.001771369500286,0.0212762711405334,25,11.979198622805372,4.8957705612459135,160.51973274641932,11.282275201430084,37,25,3.332133517957207,PCA,0.30878346818792385,-0.3915258712260858,True,True,0.03759175247138902,0.9624082475286112
3fb92ecd-bcbc-43dd-9f29-aa56ea646b75,1970,644,1613.2857142857142,430.7552219352538,1.8669411208456053,4.605559719479162e-07,0.0155957767088116,0.1078294631994749,14,7.109222536984577,2.695027408984896,49.54778260389429,3.9180827846421873,4,14,3.569682515066833,PCA,0.5115393412237648,-0.3148481137865558,True,False,0.18031509043340516,0.8196849095665947
5f0ac7ac-1dcc-46a6-bfa0-6e76c73a0bdd,11646,3334,9690.583333333334,2518.845269772551,3.7113494692831193,4.488991778512155e-08,0.0109340223805418,0.1096531109990983,24,11.531832606108686,4.813301162555658,220.5173633707693,8.052739623147437,8,24,6.156666776755168,PCA,0.35929109129343106,-0.2865503577849125,True,True,0.0383977040764244,0.9616022959235756
b59bd259-4941-4cec-bca5-e2795c35d8e0,7305,2251,5996.684210526316,1653.7924853159584,9.571039255944523,2.3759443512851384e-08,0.0159595877760475,0.1574293979090595,19,9.420952538448818,3.575960318108833,193.01525456351948,8.13101004619678,10,19,9.852392087013689,PCA,0.3923472812395767,-0.30425946956456296,True,True,0.025718472502101304,0.9742815274978989
de3ea361-c2d3-4ab6-add4-ccd43cea6aa8,5264,2224,4512.0,1052.9479704958972,34.27793990078782,2.362386536441503e-08,0.0113277604450884,0.3746741118514837,14,7.451692815854665,2.7167286196524234,96.02542529301466,6.837011352319967,16,14,4.115989841813285,PCA,0.4269498822884751,-0.328408999654875,True,True,0.04281064847022694,0.9571893515297732
1ade03f3-06b1-4e95-b271-fea5a6343829,5264,2224,4512.0,1052.9479704958972,33.948423776723686,5.792125946182426e-07,0.0148842432796271,0.3739389468371707,14,7.451692815854665,2.7167286196524234,126.17373028139892,6.7790194053422805,18,14,4.881979949230365,PCA,0.42344667246960305,-0.33249199131162893,True,True,0.04209954318531524,0.9579004568146849
a9c90f98-6557-44d2-9ca0-0c9122f4080c,5264,2224,4512.0,1052.9479704958972,34.12358045569076,1.1103552592118507e-07,0.0137909401130927,0.373505931927618,14,7.451692815854665,2.7167286196524234,116.90579933868791,6.477989409678299,18,14,4.457547342816693,PCA,0.42632181265663627,-0.33290896738245124,True,True,0.042556021360852306,0.9574439786391475
590c2f0b-964b-4d09-96ad-101a9be59cab,5264,2224,4512.0,1052.9479704958972,34.2364574399673,1.1541180157879002e-08,0.0131192737236001,0.3738016567328494,14,7.451692815854665,2.7167286196524234,111.21208335495804,6.477989409678299,18,14,4.581526614465531,PCA,0.42573054226613427,-0.3328963424712008,True,True,0.04251482512433971,0.9574851748756604
d28f02ba-d43f-4df9-a01a-f1e8ac326e08,5264,2224,4511.142857142857,1052.4425235166632,79.80485035000696,2.854167090950204e-08,0.143611712284652,2.515029376192852,14,7.452035398230088,2.716957616344512,1217.1092616124297,6.6029281462866,18,14,6.788447860273152,PCA,0.4415616300258393,-0.09269609710211485,True,True,0.04281755426657745,0.9571824457334226
9030e9c9-0323-413c-a98e-aba16b180ba7,2992,924,2466.6666666666665,647.9060288515783,9.411900647671365,2.094146402152445e-08,0.0472816227538743,0.4782340865260235,18,9.011568906028009,3.512636025472033,232.9565553083386,8.537343119493984,12,18,4.650397256756297,PCA,0.4354847253444297,-0.2877635696920905,True,True,0.04279059354504481,0.9572094064549551
752966e5-7de7-4506-82ae-6b22cd54b1c1,13608,3496,10825.181818181818,2877.5181641692493,6.168503648002569,2.2303695817436922e-08,0.0106931755507745,0.1380762259959922,22,9.892170301142263,4.24996768225091,257.438201384897,4.529943401658669,5,22,10.05268601314891,PCA,0.39423117233130495,-0.27174972189419255,True,True,0.04282763927852332,0.9571723607214766
6c39d3a7-c71a-4049-a8c7-3a3a4b61d8da,106848,24434,88736.13333333333,24919.202790529947,32.4240333637306,1.0056839497107907e-08,0.0015016069365372,0.0793002136705573,30,14.005439957911353,5.893594779449212,285.41793846231724,11.46256826007178,48,30,5.7229045990944645,PCA,0.17194410249406233,-0.38740402462744605,True,True,0.042712653146020345,0.9572873468539795
02588640-a5ae-48e6-b28b-f6759886ab70,34732,7562,28334.071428571428,8363.47712176739,6.2414225832162025,1.2281133048697129e-08,0.0050065153464817,0.0758877616020463,28,13.085604011347892,5.316997685948168,303.5350124264989,12.146732748499884,14,28,6.662331681490407,PCA,0.27936056719044794,-0.2985876431635426,True,True,0.01695502766621937,0.9830449723337805
b9c35349-927d-47d5-8e0c-e054bbf4e4e0,17440,3872,14158.57142857143,4030.845386592277,4.173332679438968,1.0824209370563465e-08,0.0105350366873155,0.1058005425148166,28,13.010830324909747,5.416133946331751,321.00256786250094,12.146732748499884,14,28,6.02958629194316,PCA,0.2886562262909034,-0.29690350502266233,True,True,0.016276682238961133,0.9837233177610389
7cc1ed5c-0dcb-4315-9e51-2ae94b5cdd02,106820,24426,88719.8,24913.552624224438,75.56693189906343,1.0511429285650005e-08,0.0140515622581314,0.7553061323993274,30,14.004925097475889,5.893849929848807,2670.457252471086,11.547243816662824,48,30,11.057046388505569,PCA,0.06649938644859521,-0.27498635574870894,True,True,0.04231167372202854,0.9576883262779715
ff0da1e2-2c76-4589-aefa-c13bb1a1ef8f,121659,27057,100939.19354838708,28492.441874338165,32.350634323903805,1.0217224592380256e-08,0.0016846271895099,0.0748754358665405,31,14.409260453122124,6.093738794985716,365.8336404739888,12.286929155645074,50,31,6.037641526181684,PCA,0.15101572532407392,-0.3886699520084895,True,True,0.04278306306983,0.95721693693017
a16168e2-98cd-430d-a180-84f64b4d5e75,121655,27051,100936.16129032258,28493.05518452135,32.38640546249393,1.1215129375410221e-08,0.0015405154676554,0.0745307711244716,31,14.409358421750664,6.093547974129383,334.5260148323241,11.650107058057902,50,31,5.976969070654778,PCA,0.15544453581243245,-0.38811416898954143,True,True,0.04279403010348708,0.9572059698965129
6e617348-d0b3-4b6d-9923-ea54ba5cf751,121657,27055,100938.93548387096,28492.60044511329,32.49176505375248,1.0160965619029558e-08,0.0015350283943878,0.0746091917464473,31,14.409754457707043,6.093564432477872,333.334485898105,11.650107058057902,50,31,5.941613495495748,PCA,0.155368241753022,-0.38816356468881485,True,True,0.04279966477082333,0.9572003352291767
472bbfb1-c081-4df6-b966-32ce1194ab8c,121629,27051,100905.19354838708,28481.651530380448,71.36157167263377,1.0228782778999192e-08,0.0124658525347191,0.6563240784391975,31,14.4093170448578,6.094401044228741,2706.162063352042,11.734087186987294,50,31,11.409130105879058,PCA,0.05279908422168689,-0.2849693610298006,True,True,0.04231931539880808,0.9576806846011917
0021e256-8e13-42db-839d-e9155e8af82c,121633,27051,100917.0,28486.920194951726,74.62773647058401,1.0388047269910023e-08,0.0148378735284058,0.7779347113483833,31,14.40861359051593,6.093539376088577,3221.628776234491,11.734087186987294,50,31,7.3288684619356275,PCA,0.058276047401227715,-0.2712756460872391,True,True,0.04280599534452402,0.9571940046554761
a475af8e-cb0b-4533-906d-a6b8eda313e7,151840,29072,123196.0588235294,35928.27108521937,2.696701460470634,1.0009205152155005e-08,0.0009314468088561,0.0268209109736784,34,15.467690296564635,6.745760212025207,252.23672728505787,13.461502553179267,54,34,5.838486948496401,PCA,0.1675410673898861,-0.3996366521220811,True,True,0.04279159509858222,0.9572084049014181
d3c058ec-9b13-4a9a-aba0-d3f19091c47b,121615,27047,100899.83870967742,28481.590811742484,72.52524797263027,1.0139619374500746e-08,0.0125295666377801,0.6608430056490584,31,14.408950617283953,6.094057468825298,2719.9183257292607,11.734087186987294,50,31,19.2481035528738,PCA,0.02455079548897776,-0.27276690574109214,True,True,0.042802749214688886,0.9571972507853113
88a6b9fd-e159-4059-9ee5-ba718fd624dc,58036,9920,46570.5625,14572.32732128241,36.320664462094896,1.0087838561248794e-08,0.0030652401896967,0.1240326475730879,32,14.573795180722891,6.041901054602378,313.43920083764607,16.221344234866493,22,32,4.6044422102874325,PCA,0.15489145151768546,-0.30945145297716037,True,True,0.04279622656156327,0.9572037734384367
443371ce-c80d-450d-b281-ac1c4d5ecc4d,153172,25358,125516.29411764706,36863.64208214584,4.477706156571036,1.07539830453758e-08,0.0022943856347492,0.0438431133582997,34,15.588953626417782,6.595769801087004,628.0995394407788,10.88888907549272,10,34,7.4637809614983475,PCA,0.2098417007227198,-0.24717698894445653,True,True,0.01375783391762612,0.986242166082374
00ba4917-d66a-4335-819f-43390dfc9929,121663,27059,100947.19354838708,28493.71031605821,1.9500777646766905,1.3105444913523956e-08,0.0012560384115426,0.0192132177282234,31,14.409473509720316,6.093703998509868,272.7788859883776,13.79401363374218,46,31,4.655889033556745,PCA,0.20997036801015773,-0.3911258103605131,True,True,0.04219006693006886,0.9578099330699313
b628f4be-582f-4f23-96eb-c8b9e0005e4a,121635,27025,100914.80645161292,28489.89900617224,1.801642411458415,1.061305919378419e-08,0.001309797583529,0.0165266868508102,31,14.40883130521293,6.0932097152293725,284.375392550329,14.608984286898718,44,31,4.045096852701128,PCA,0.2088758195485491,-0.38730461900588414,True,True,0.042049635349456,0.9579503646505441
4c240146-6b8b-4fa5-88e4-41cbd39c8ac3,121655,27057,100942.93548387096,28491.99420543057,1.8261104955897889,1.1873055716758464e-08,0.0012706688389058,0.01684244981313,31,14.409529203735426,6.093739931664558,275.9435277321418,14.608984286898718,44,31,4.60563509112632,PCA,0.20710578322135753,-0.38658212825163657,True,True,0.04200953287983228,0.9579904671201676
3fa3940d-8a68-44ae-9223-7346404651e6,121665,27057,100947.45161290324,28494.270123317103,1.7140594068624848,1.023993908175441e-08,0.0015112168397805,0.0163305783138095,31,14.409643047906728,6.093651270789859,328.1939835288306,14.608984286898718,44,31,4.9708669980320455,PCA,0.205247486717007,-0.3852579528093215,True,True,0.042018161701761286,0.9579818382982389
b900c4a3-fe87-4df7-96b7-2767ccdc1d56,121665,27059,100949.19354838708,28494.21431417076,1.642943068277778,1.0689001845711021e-08,0.0015570419429076,0.0159942937100607,31,14.409360898793627,6.093641365786047,338.15836916069355,14.608984286898718,44,31,4.650329143611163,PCA,0.2062726007118333,-0.38560218965815557,True,True,0.0420307928709024,0.9579692071290975
6346b7fe-a4a5-4b10-a79b-706d4339923e,155823,32827,129041.0606060606,36777.97637580618,1.4382500594335372,1.013357851475564e-08,0.0009442176818287,0.0131676097648695,33,15.217269338936596,6.493319816263142,264.2270434299208,16.573526752977855,44,33,4.737882650836223,PCA,0.17179688879809007,-0.3798570137574639,True,True,0.04280785343710766,0.9571921465628922
af399f2b-a4f8-4fec-aca2-7c126ed989a5,125039,19287,100879.0606060606,30903.69011009153,41.66750831701434,1.0029223588130264e-08,0.0018470052574357,0.0939926977028905,33,15.072869361272474,6.341926076018076,407.9314281625364,15.172433967835904,18,33,9.743139072039432,PCA,0.11550873029952069,-0.2784118952905109,True,True,0.04253233239733232,0.9574676676026678
2eaee11d-c1a0-4d2b-b29b-a38e658572f2,236798,33674,193378.7894736842,57738.07100954315,35.379179912137104,1.0066740662119954e-08,0.0012930257164482,0.0595732925488765,38,17.198599470588647,7.392629887513823,552.4672187896998,16.424437233437114,18,38,8.412329724505256,PCA,0.058408633564160706,-0.2556422678842127,True,True,0.04279679115338249,0.9572032088466175
87d59f7c-e397-42dc-aa6e-00200d8697aa,302015,54941,248940.3333333333,72613.10069456222,2.130845831487277,1.028539632733196e-08,0.000673066984262,0.0140011865171378,39,17.635202932457567,7.692802517695489,370.5422207118201,18.39554854552544,57,39,4.838706858786077,PCA,0.07083822774572734,-0.3869025979844889,True,True,0.042414019419575275,0.9575859805804248
bd44e482-057d-42c3-a052-cbd952fa8025,122167,21039,99475.1081081081,29823.285159721127,55.65943292366623,1.009945800661348e-08,0.0023711765904532,0.126515729577367,37,16.688411086979194,7.208610780280096,522.9558834946953,19.10350177326416,26,37,7.419335547163492,PCA,0.02179120858793515,-0.2911133583633376,True,True,0.042803193102670695,0.9571968068973293
da831b60-89ce-4c01-96f9-c9f8a4512aab,84824,11998,67107.11111111111,21848.624362719267,56.04246909728187,1.0136133679131016e-08,0.0021240759385802,0.1606215872653894,36,16.19879574622162,6.818949794745734,316.7804373279859,19.15872040923209,28,36,9.029830639056618,PCA,0.03638763287608915,-0.3040298574135648,True,True,0.0428180904174573,0.9571819095825428
ace55695-1ca9-4153-8fd4-55ed6658cf8c,201090,38032,164534.16666666666,48307.657652396185,3.020306794106986,1.0021549652988354e-08,0.000801032189159,0.0263362420989083,36,16.304951029239316,7.101742705988552,290.99737161331245,14.402439595839056,58,36,6.174269337088473,PCA,0.13076901174228506,-0.4009803178478249,True,True,0.04279998674162242,0.9572000132583774
615c9d78-2b84-4c7b-ab6b-ba05b188f50a,88154,13732,71031.04761904762,22039.504139431498,5.883589354982098,1.0016900147633408e-08,0.0042774192512474,0.065834654298313,42,18.607620675244966,8.06614425843185,685.785796294771,19.263001456956992,22,42,5.509457383337383,PCA,0.07981242854025572,-0.2741013501788984,True,True,0.042820199428081455,0.9571798005719186
daa86ad6-bda9-4d47-a50d-4ec34801bd82,202346,28910,163068.36363636365,49711.11862875662,15.631120823760847,1.2505194059671071e-08,0.0041965163002996,0.1249679076897928,44,19.518732521572595,8.557137999080561,1542.6226059249373,12.071666048927495,10,44,19.650811797113704,PCA,0.023973180351213763,-0.1654614824008845,True,True,0.04165938558717753,0.9583406144128224
85a3a8d6-f2c7-458c-bbc3-25fd76d9afc0,110981,15301,89982.24444444444,27635.540030230444,18.864944852850677,2.1912800873697235e-08,0.0065250121164825,0.1706089174891615,45,20.017703096187976,8.779219280393447,1319.8859759342647,7.147617590055024,6,45,20.82193157348621,PCA,0.049925039177351915,-0.1431464023556695,True,True,0.04266159953041528,0.9573384004695848
c436c481-00d1-49ec-8d0e-0a5e83a8df19,532333,85145,437189.5333333333,129743.21993188444,2.10181905699842,1.0025609805539287e-08,0.000545694606491,0.0114346265677554,45,20.048945504573133,8.892125390522583,535.4764749845101,21.72671959529049,64,45,4.758165763172869,PCA,-0.039239159549254055,-0.37191142466877275,True,True,0.04280929365194577,0.9571907063480544
f9bdbb3b-91b6-43f3-93ca-bef1e10d3835,252653,34537,205605.7111111111,62965.5315629546,18.840589627516493,1.0368171603781593e-08,0.0034649522937426,0.1126409114975277,45,19.927711284517684,8.76962761916655,1608.746165414104,5.805194909232818,5,45,20.821931573486204,PCA,0.03906266578009032,-0.12845281278020296,True,True,0.04282804115924057,0.9571719588407595
d15db194-aa2d-4de9-8f86-fcffeb82f38b,196386,27630,159602.72727272726,47991.62238650884,8.985901914702255,1.0101791265149638e-08,0.0018234784722836,0.0629175055033491,44,19.695419513344326,8.68346141565461,650.1721901635647,5.951782272803586,4,44,6.449798543577375,PCA,0.13200240248663897,-0.17451035648181043,True,True,0.024979214273528724,0.9750207857264714
289f5dfe-e6d5-48a3-a6ae-25088321d3c6,253372,32956,206740.59259259255,61099.10676394981,12.859692921420908,1.0000563253751711e-08,0.0027166127953158,0.0836533038719404,54,23.533313237392782,10.89378249064431,1288.736660582652,16.42930454248462,15,54,21.867082922968358,PCA,-0.11748214832186321,-0.14879715607835256,True,True,0.04228762995263694,0.9577123700473632
fb87d637-aaab-4e8f-8898-4ecca8bd0fe0,136562,18828,110491.81481481482,32924.32345550541,10.543152313214028,1.0059196520887893e-08,0.0038172531651017,0.0979895825081249,53,23.34014512879692,10.939585437597035,975.8235128607984,13.000063814889774,11,54,16.873009479953968,PCA,-0.053298144661312885,-0.15015256882575434,True,True,0.04273137265430675,0.9572686273456934
5b8f4746-a08b-4ec5-92e2-ce55cc2fdb75,491736,51434,396711.962962963,123251.65587017228,13.58586286550054,1.003022105236204e-08,0.001598967589823,0.0630817615971386,53,23.485790088198694,10.684700513549624,1458.490292219171,17.9739630620882,16,54,23.445785109436905,PCA,-0.14983670567743756,-0.13892476169380633,True,True,0.0418758120862185,0.9581241879137816
afdc2f74-eb52-41ae-b72a-30e5a4c07013,527399,52813,426974.3818181818,136967.34519910422,15.42208425795618,1.0063535587648838e-08,0.0017763732453694,0.0744042702664572,55,23.824664902747735,10.695197358309311,1750.9426859888547,6.343452907306462,4,55,16.78218574735806,PCA,-0.06805156604735607,-0.07717567737657799,True,True,0.04281285927310639,0.9571871407268934
0f0c8766-4bf5-4c1e-991a-9dafe9bc8f27,508916,59908,414923.6666666667,123615.32635574376,12.30772993728132,1.0004566084430289e-08,0.0014172791910428,0.0577097198710116,54,23.62400243769486,10.915783151222476,1344.2000241151566,14.748251841895977,13,54,19.90900933373025,PCA,-0.12126320041515104,-0.12624035853297544,True,True,0.041582937711487966,0.9584170622885121
ca6f7678-0952-4fe4-83fe-c4455a682132,132752,18182,107947.25925925926,32063.05312117521,10.542278821858288,1.0004821531349196e-08,0.0043325667728095,0.0992835279768571,54,23.417866856286583,10.953030436114432,1078.4581885210268,12.000063814889774,10,54,16.87300947995397,PCA,-0.05090755039176442,-0.14237884127859082,True,True,0.04264693235411823,0.9573530676458819
7f0518e8-e2c8-4912-8268-4de4cd504084,521436,61564,423105.6666666667,127391.73018961516,16.099384160144844,1.0033638994232696e-08,0.0020387397321861,0.0686231043793313,54,23.44487029118682,10.751982066032207,1986.8109924677408,19.451486255274222,19,54,28.13610018275851,PCA,-0.19746480899260066,-0.13072387140923658,True,True,0.042806169988354875,0.9571938300116452
5d85532e-9116-48a1-9810-7925c9ed9c57,1097078,148316,897203.2592592592,271468.7428452304,12.191785733379955,1.0031426639786937e-08,0.0008444088085572,0.038855048991555,54,23.658239858115923,10.687718626511453,1729.2386223712476,15.51725971283975,14,54,20.63391838056657,PCA,-0.18653304696335882,-0.08160977884678872,True,True,0.042811031857813917,0.9571889681421862
2cd76a23-0514-458a-b588-94e2d10564d3,186374,22422,150917.1851851852,44652.05990938035,11.094904052500224,1.0019055538630024e-08,0.0031446559084178,0.0875459472143257,54,23.302941487643007,11.02057105693103,1099.7522089478225,12.912108644534644,11,54,18.10437452748512,PCA,-0.06741512663697724,-0.14271975185368513,True,True,0.042524678549502704,0.9574753214504973
ab61c91a-68ea-401f-a3ad-392e83ee802e,165634,20078,134762.11111111112,39221.17585714742,11.095567120359188,1.0000531909526432e-08,0.0033869377761628,0.0928977507827767,54,23.43122917169766,11.1644369479617,1051.8981998317734,13.912108644534644,12,54,18.10437452748512,PCA,-0.07416337548399266,-0.14835661952814427,True,True,0.042776097559930504,0.9572239024400696
5f5fee92-5821-4d38-a54a-d204660f205f,521482,61124,422932.3333333333,127475.93102127452,16.09992945092187,1.0008926456139408e-08,0.0020607159918064,0.0686345736468318,54,23.44354101120424,10.753534436295054,2007.518608477884,19.451486255274222,18,54,28.13610018275852,PCA,-0.19681863086517604,-0.1273150170019019,True,True,0.042779418311433955,0.9572205816885662
6d0f8edd-507f-43d5-9960-9ad49532ee42,500396,56912,408480.6666666667,121427.7126725563,12.307375599018243,1.004100264979051e-08,0.0015917729413836,0.0582721242150923,54,23.71606466075681,10.841328371361945,1480.484136186748,14.748251841895977,12,54,19.909009333730275,PCA,-0.12106691819578164,-0.12214295098401518,True,True,0.04158518476415994,0.9584148152358402
9d82f7d4-165d-4499-8add-361a770d1d44,523444,62080,423477.14814814815,127200.6088324597,12.857807894185974,1.0032231960530741e-08,0.0015023451862173,0.0582522922226444,54,23.365664954515776,10.759978266607597,1470.3317126441575,15.51725971283975,14,54,21.867082922968336,PCA,-0.13396430631183542,-0.12616464020723875,True,True,0.041466765525587465,0.9585332344744126
a7e26b10-bd6b-457c-978e-9050f6529007,243876,30398,196300.1851851852,59013.43686824844,13.606268662395228,1.0001382544640538e-08,0.002819551284686,0.0895585317843956,54,23.431937097547877,10.814322113762616,1275.5170688200826,16.42930454248462,15,54,23.445785109436898,PCA,-0.12080224158773933,-0.14765617676525267,True,True,0.04243622388375431,0.9575637761162457
b24b71b9-971a-4aca-9fc0-7198d16ca9ed,132922,16632,107449.4074074074,32064.50762107797,12.186525349290374,1.0302094171450353e-08,0.004852816216431,0.1116947912527539,53,23.446633288478868,10.932182474310212,1200.9118706315312,14.748251841895977,13,54,20.63391838056658,PCA,-0.08403204534941844,-0.14957374936373574,True,True,0.0428079120506055,0.9571920879493944
5e1dcd34-1373-4f34-b9df-d738a8cf4db6,482802,55964,392681.5161290322,120226.51385087072,29.6765476276693,1.0008015053155204e-08,0.001724017704877,0.0654101744209759,62,26.84140408206465,12.306712828305557,1563.7547430493428,19.058115657666427,16,62,10.0671956046523,PCA,-0.23323386332858276,-0.12254153735790699,True,True,0.04282510505592405,0.9571748949440758
0deae366-42de-4081-914d-db85c6b47168,2907171,314251,2367519.927536232,730790.9542616657,36.62257374777322,1.0002152245450224e-08,0.0010693103058301,0.1161384234040576,69,29.67731600836624,13.694670444626942,5886.02178637297,36.72557892877612,90,69,4.086905896970791,PCA,-0.7301364826188493,-0.1297541349843917,False,False,0.27620466080964867,0.7237953391903517
620e9ff4-07bf-4767-9237-d39aa659b8e5,567506,52412,453803.5,145031.5235385965,18.5780134193494,1.0073036821343596e-08,0.000921877915339,0.034743797922642,68,28.94198404838008,13.338158319465924,982.9283584045068,24.37111718618397,22,68,3.222578753839766,PCA,-0.2785770017371101,-0.14817805507743162,True,True,0.04280345121214674,0.9571965487878532
c9809448-2f3d-40d4-858d-6288a4703af4,3077846,328252,2505917.9714285717,774402.1286271285,75.01283313564983,1.0000270922049822e-08,0.0012664683433423,0.1913879095673667,70,30.079401794363125,13.893660193160176,7385.672303148448,37.61989499146056,90,70,2.22681726762022,PCA,-0.8502859065378107,-0.08434381134761065,True,True,0.04283044733339398,0.9571695526666061
8f373cb0-952d-48c6-a871-8a10e52e7c19,2906467,314073,2366852.275362319,730667.6509505671,70.28934670710464,1.0000594851999892e-08,0.0011667213564256,0.1718243534987533,69,29.678608780290297,13.693937277587866,6420.130441939051,36.72557892877612,90,69,5.569058155877002,PCA,-0.8087852813434516,-0.11023825260059134,True,True,0.04278955073186211,0.9572104492681378
b4e88a1e-f05f-4ff7-bd91-b24a5073c6ca,976149,75637,787660.3417721519,249522.54093123917,37.28875271017241,1.0130301161435456e-08,0.0028433055279923,0.1448931233748844,79,33.7012069034618,15.608010984930209,5249.816774164294,8.3867528670867,6,79,37.84729433879319,PCA,-0.5292316835220544,0.13091562001870582,True,True,0.04281309886081217,0.9571869011391878
63c089b2-1940-4301-89d6-93ecc98c07f1,1822408,157754,1467648.7368421052,462245.7096998069,14.70821303613415,1.0011884345482533e-08,0.0009354317464013,0.0439913512838181,76,32.36355153474094,14.9415454789223,3223.974868290053,22.25523498194436,19,76,18.999852120746148,PCA,-0.5191757944804097,0.037267528335916844,True,True,0.04205483449543724,0.9579451655045628
64122cc6-e1bb-4c11-8d00-2189d27194f1,2381479,186863,1926358.012658228,613009.9189861283,37.27595015817117,1.0086078982040492e-08,0.0015559426561506,0.0924788345389837,79,33.57286004355714,15.545809952154446,7052.926242293742,6.795688260060201,5,79,37.84729433879328,PCA,-0.6508980701527983,0.2500165544714157,True,True,0.042807519529832166,0.9571924804701678
9fa4fc3a-b0b9-4eaa-99ee-0469ae5a511d,1826826,158286,1471566.5789473683,466256.2734028997,12.810247599862056,1.0041684135020356e-08,0.0008854053232156,0.0404755219123703,76,32.37481574800232,14.944991781369383,3058.639772291606,20.550893775976625,17,76,16.44232004023272,PCA,-0.4930310596691848,0.04044605293642911,True,True,0.042804847945080424,0.9571951520549196
f0ee8150-86e2-4f9e-ae35-95af38f3c69e,1104160,94868,893485.8684210526,280401.21719315654,15.22032328514008,1.0009034838434611e-08,0.0014268302272268,0.0570097425394473,76,32.3948227382755,15.050678866266765,2990.873010085113,23.911652635594915,21,76,20.28989981051979,PCA,-0.4805369844559121,-0.018805367734183065,True,True,0.042809020350001496,0.9571909796499983
b8344eb5-f574-4198-b917-8312240ba288,1888346,168520,1527990.7631578948,475987.43374069146,16.000683062578805,1.0009558520490794e-08,0.0009553235904006,0.0449560065342566,76,32.507038176853825,15.034475492206212,3412.7731559334834,25.471459548890973,22,76,21.7636529367172,PCA,-0.5641181684324287,0.03497951693742768,True,True,0.042807729816779,0.957192270183221
84aa9e2d-18e6-4689-9274-28e89ef44080,1893060,170132,1530042.5526315789,477722.3662781332,13.413639937612995,1.0005786986309445e-08,0.0008585893115095,0.0409164253409621,76,32.45326641917134,15.028742899054851,3076.4096448909354,21.42916017924353,18,76,17.51503124971041,PCA,-0.511954395380059,0.043407246331748084,True,True,0.04263269580952504,0.9573673041904749
e0101b06-dfd6-4caa-8580-a9815b225204,1086094,110944,882197.4210526316,273129.88100243016,14.543652078316304,1.0192636448996385e-08,0.0015501030092923,0.0561019844777445,76,32.49169571100144,15.101564482644116,3198.656160910903,23.911652635594915,20,76,19.39177846669871,PCA,-0.48320343103307806,-0.01155943001444526,True,True,0.042724156883554146,0.957275843116446
37e1f17b-384d-423d-860b-c75b9dcff951,1305622,126394,1054927.3684210526,325405.9260312152,18.34318738464491,1.0000277966688141e-08,0.001311804162983,0.0572476726108063,76,32.563401058606786,15.182849134818673,3229.7982768973498,26.983342909869844,25,76,25.26442799505445,PCA,-0.5499222855106537,-0.009456993526159974,True,True,0.0428011922138304,0.9571988077861697
13b4bdcc-1cef-419a-92b1-156febff71d4,2623197,187103,2111631.494117647,672513.0752019905,19.98633709829956,1.0037601353680145e-08,0.0006651462470847,0.0500960134710188,85,36.06433097048506,16.83594530177899,3310.368352553791,7.105336432224386,4,85,14.222277710524674,PCA,-0.5544406154157323,0.19080967596160237,True,True,0.042795894894933816,0.9572041051050663
78d5e5ba-0b2c-4cfe-92c5-f1c749150015,958474,83824,776969.5454545454,243678.6967020912,20.534710757446117,1.0019362919425202e-08,0.0022461746548589,0.0973174282256143,88,37.241222293756174,17.55147011064238,4123.882326985448,13.960725401755946,10,88,28.803076943115084,PCA,-0.5816603665758683,0.1085089642014207,True,True,0.04279723473886949,0.9572027652611306
c7049602-5460-4277-8148-d9c66012f8f0,3456012,240906,2791048.25,891690.4408043192,22.073341528913325,1.0009283086155549e-08,0.0009020078438837,0.0548612830787335,88,37.16609997242946,17.349603298448706,5960.920640321485,15.101652243748376,11,88,31.116828761688755,PCA,-0.7984822600046845,0.28351725968464203,True,True,0.042305777105191296,0.9576942228948088
6ab8d16c-b8f3-4780-b278-dad81646ca8c,941228,77152,757740.6363636364,238508.036505833,27.954681461833413,1.000482267804284e-08,0.0027551365327397,0.1288695446857912,88,37.03180747354005,17.573378417279493,4961.025577131484,19.541999211722835,15,88,39.99027265043868,PCA,-0.6797502502047809,0.11303920759158587,True,True,0.0428035689265824,0.9571964310734178
0c023ffe-8453-4f5f-b29e-7863589fb191,3452280,240080,2784679.363636364,892434.3044094999,22.073879059253397,1.0001594262004745e-08,0.0008440952714468,0.0548942851711366,88,37.12465947216557,17.324099402263798,5571.688874051276,16.32696152547424,12,88,31.116828761688748,PCA,-0.7992675178086878,0.2715572148445634,True,True,0.042807943887575396,0.9571920561124245
106deaf8-422f-4e06-bf25-6191abd6eecf,3463664,240756,2808059.75,877906.3426227514,23.486269370761995,1.0004520325213e-08,0.0009429157413908,0.0579111247469109,88,37.335499245008094,17.445957155250966,6240.795326791515,17.3956773378437,12,88,33.27204427056291,PCA,-0.8294246852756814,0.28439966739175004,True,True,0.04280122920700484,0.9571987707929952
338f4b6e-775c-413b-a508-9132659ebbc3,3490922,247860,2824596.386363636,886809.3303784927,23.48672014441469,1.0001978588937864e-08,0.0008371375324457,0.057666495842329,88,37.236730010111984,17.454302027025136,5588.102313457518,17.3956773378437,13,88,33.2720442705629,PCA,-0.8221538668684011,0.2736621610715251,True,True,0.042809320245191185,0.9571906797548088
0f5171c4-cf55-4a82-99a2-c72edebce9c9,3633496,258654,2946731.909090909,931577.994716048,32.79656354527177,1.0029410710131004e-08,0.0012450427424358,0.0747284916728948,88,37.17872807520612,17.351389412633818,8683.864357889317,23.51380501108424,19,88,47.01080744597689,PCA,-0.9879981862259003,0.3230987864194891,True,True,0.04280781371760244,0.9571921862823976
24f12fad-130e-44fc-8b07-bc26c5a3d878,6976718,541500,5593825.613636363,1808029.4762416407,26.355745107635737,1.0000012159255273e-08,0.0004387808947993,0.0450134221511667,88,36.93228799427638,17.23450219361262,5848.346442725606,19.541999211722835,15,88,37.56224387550889,PCA,-1.111307523218708,0.499115861922081,True,True,0.04280929058747661,0.9571907094125233
dc1da839-0ccc-434c-bf9c-a3874ffc3b1c,948168,82324,767405.7727272727,241165.3770605692,20.535329001583115,1.0005353995341825e-08,0.0021302039619857,0.0978472464882459,88,37.18223182449858,17.52907223771829,3868.95312310062,15.18603468348181,11,88,28.80307694311509,PCA,-0.5840140397405108,0.09813822723656429,True,True,0.042688096775233816,0.957311903224766
c63f5f9b-ee73-4887-949b-dd1e74c31874,2102710,154334,1679145.7045454546,537165.1247316399,27.93715649932987,1.0000891720504275e-08,0.0013640680580943,0.0864710350135425,88,36.9396725035911,17.49578901287006,5456.49866767491,21.559562501644915,16,88,39.99027265043868,PCA,-0.7806905148294013,0.18086968535221537,False,False,0.2762479410082275,0.7237520589917723
f4b120e9-acd0-4c7c-89e2-cc082f52f5cf,920828,78164,745786.1590909091,233365.26246836575,24.799009375370293,1.0001775157671044e-08,0.0026263180077118,0.1174926263519452,88,37.221210058869566,17.54946588642509,4630.776437557788,17.3956773378437,13,88,35.36355340359185,PCA,-0.6388704039528276,0.10946989965217846,True,True,0.04031564240681829,0.9596843575931817
1c7f5399-8982-4daf-81a5-7cef4e4588cc,3634696,258698,2948335.4545454546,931989.7925435336,32.79678526338368,1.005906480289646e-08,0.0012593792068737,0.0747119238507744,88,37.18271088308636,17.352106304464296,8787.69622972307,23.51380501108424,18,88,47.01080744597685,PCA,-0.988966195175717,0.3279565509567287,True,True,0.04279168915914368,0.9572083108408563
29eecba9-3d4d-4672-8b19-475f53b2f1be,3621804,257624,2930448.0454545454,927851.6765206492,26.38911396374482,1.0000134147706207e-08,0.0008504806236591,0.0623796891845285,88,37.15977904666828,17.376383370253482,5902.119506115138,18.401072369730404,14,88,37.56224387550889,PCA,-0.8622855888790087,0.2887607241344947,True,True,0.04280375327115741,0.9571962467288426
35b59fd4-e046-4d69-ba52-4b94a7777ac3,7479142,616494,6044609.818181818,1917612.295754248,24.80337157953576,1.0000334434397941e-08,0.0005040011829258,0.0413145453497029,88,37.28866667096621,17.43185447961211,7189.615178526975,18.401072369730404,14,88,35.363553403591894,PCA,-1.1651550164431823,0.5613991590440413,True,True,0.04279308064747201,0.9572069193525279
e604a906-55fa-4b3f-bf17-c24a30312b84,5123739,285013,4131221.8592592594,1322353.2727415708,45.2030804784997,1.0001497275169429e-08,0.0015051550645517,0.115217616156982,135,55.9747281429414,26.89485409983383,14996.901475436289,19.681192149489963,13,135,59.207273292818826,PCA,-1.6969897664877798,0.7394464686732751,True,True,0.04280650340928573,0.9571934965907144
96c6a0d7-8a1e-4189-a934-833b80ade346,5918863,303289,4713887.844444444,1523765.7171697088,36.844641904395786,1.0000052927621728e-08,0.0010667688179543,0.0889746992375437,135,55.645773464836495,26.81400913773647,12199.755953436756,17.07990837728178,11,135,48.1989025745804,PCA,-1.6219037068203552,0.7285157913922164,True,True,0.042787586300845754,0.9572124136991541
10119019-eea2-45c9-a748-e206780c4235,5265899,302143,4248993.488888889,1360585.795467242,36.84364215420016,1.0000843109185617e-08,0.0012639067485079,0.0940616463184778,135,56.05922360668504,26.88954523059021,12932.6578558762,15.661607085962032,10,135,48.1989025745804,PCA,-1.5961192180723285,0.7159065012083337,True,True,0.042807906494521854,0.9571920935054783
d6e4cd0a-8a97-421b-9787-7c8ad817cfa3,7,5,6.714285714285714,0.6998542122237652,1.077217345,0.5,0.6924057816666668,0.2721028659119966,14,2.238095238095238,2.670914983310506,29.08104283000001,6.000868154958638,8,14,0.0,PCA,0.9850483963672376,0.47465724587132563,True,True,0.04280927842747416,0.9571907215725257
b26076e3-cddf-4a1b-b2af-93ce119dddc1,7,5,6.714285714285714,0.6998542122237652,1.077217345,0.5,0.6924057816666668,0.2721028659119966,14,2.238095238095238,2.670914983310506,29.08104283000001,5.561535461128375,8,14,0.0,PCA,0.9876761372103343,0.47547309067275056,True,True,0.03953011328105622,0.9604698867189436
e443f034-2feb-446a-9b26-256389affa4a,7,5,6.714285714285714,0.6998542122237652,2.32079441,0.5,1.10693147,0.8583307163050393,14,2.238095238095238,2.670914983310506,46.49112174,5.561535461128375,8,14,0.0,PCA,1.057969144000685,0.6025427449864224,True,True,0.00922528109717199,0.9907747189028279
dee3b9e0-646c-49af-903a-fdf186431759,7,5,6.714285714285714,0.6998542122237652,1.7969068299999995,0.5,0.9323022766666664,0.611367742706766,14,2.238095238095238,2.670914983310506,39.15669562,5.561535461128375,8,14,0.0,PCA,1.028356477238999,0.5490115119302498,True,True,0.02568250181175278,0.974317498188247
0837ef31-3867-4fe7-b157-aceaec591f8b,7,5,6.714285714285714,0.6998542122237652,0.8340502699999999,0.5,0.6113500899999998,0.1574728074494646,14,2.238095238095238,2.670914983310506,25.676703779999983,6.000868154958638,8,14,0.0,PCA,0.9713034139811523,0.4498102484231079,True,True,0.01241401992627292,0.9875859800737272
9e571fac-f5cf-40cd-acc5-adfbebb0fdc7,7,5,6.714285714285714,0.6998542122237652,0.8340502699999999,0.5,0.6113500899999998,0.1574728074494646,14,2.238095238095238,2.670914983310506,25.676703779999983,5.561535461128375,8,14,0.0,PCA,0.9739311548242489,0.45062609322453284,True,True,0.011940873868916627,0.9880591261310833
f424beaa-6a54-440a-872b-f9689c987e21,7,5,6.714285714285714,0.6998542122237652,3.8713184150000006,0.5,1.6237728050000004,1.5892547418570555,14,2.238095238095238,2.670914983310506,68.19845781,5.561535461128375,8,14,0.0,PCA,1.145612280465305,0.7609764720674221,True,True,0.042810547707402676,0.9571894522925972
9c5fbdd6-16ed-4c7c-85ed-da3d1ea111e7,7,5,6.714285714285714,0.6998542122237652,0.5,0.5,0.5,0.0,14,2.238095238095238,2.670914983310506,21.0,6.000868154958638,8,14,0.0,PCA,0.9524212726500652,0.4156767366955588,True,True,0.006828587779468445,0.9931714122205316
b68d01f3-e1fb-4f83-8086-10b9215edcd1,7,5,6.714285714285714,0.6998542122237652,0.5,0.5,0.5,0.0,14,2.238095238095238,2.670914983310506,21.0,5.561535461128375,8,14,0.0,PCA,0.9550490134931617,0.41649258149698376,True,True,0.006841959730544134,0.9931580402694559
80ffb085-d71a-45fc-a268-b6a2c1ce3f6c,7,5,6.714285714285714,0.6998542122237652,1.3912797,0.5,0.7970932333333333,0.4201532798692744,14,2.238095238095238,2.670914983310506,33.477915799999984,5.561535461128375,8,14,0.0,PCA,1.005428464648609,0.5075642219793475,True,True,0.0949763427657269,0.905023657234273
eaad8331-cb37-46a4-85ea-0eea4bdca280,7,5,6.714285714285714,0.6998542122237652,5.0,0.5,2.0,2.1213203435596424,14,2.238095238095238,2.670914983310506,84.0,6.000868154958638,8,14,0.0,PCA,1.2067830966650313,0.8754901736790752,True,True,0.04282289550866942,0.9571771044913304
45a291fe-66ef-45d9-bb8d-cb8d1be8dcf3,7,5,6.714285714285714,0.6998542122237652,5.0,0.5,2.0,2.1213203435596424,14,2.238095238095238,2.670914983310506,84.0,5.561535461128375,8,14,0.0,PCA,1.209410837508128,0.8763060184805003,True,True,0.04281250796863166,0.9571874920313682
0a4f3801-33b8-4e3f-89a9-d5c7d6ef9b4a,25,9,20.0,5.196152422706632,1.7990499999999998,0.5,0.7598099999999999,0.51962,13,4.0,3.3763886032268267,60.78480000000002,6.520142775970149,8,16,0.0,PCA,0.9773754245073225,0.5166720822572916,False,False,0.27615579327537887,0.7238442067246209
5701d5dc-a1cb-4ea3-95cc-b051e6af73d6,25,9,20.0,5.196152422706632,1.7990499999999998,0.5,0.7598099999999999,0.51962,13,4.0,3.3763886032268267,60.78480000000002,6.008259414991275,8,16,0.0,PCA,0.9804371060835756,0.5176226543063452,True,False,0.2508285759974233,0.7491714240025767
5ed34541-f69a-4ca7-8779-cdb79c36d135,25,9,20.0,5.196152422706632,4.0,0.5,1.2,1.4,13,4.0,3.3763886032268267,96.0,7.280565259393362,10,16,0.0,PCA,1.058324976993059,0.6672665951302308,True,True,0.04040219954106949,0.9595978004589307
ae13b614-f16a-43f2-9270-ab6c7203bd3b,25,9,20.0,5.196152422706632,4.0,0.5,1.2,1.4,13,4.0,3.3763886032268267,96.0,6.900354017681756,10,16,0.0,PCA,1.0605991000503248,0.66797265085827,True,True,0.0403512840541012,0.9596487159458986
a31d14b2-0bc9-4966-b52b-807f4e0c40b0,25,9,20.0,5.196152422706632,3.0,0.5,1.0,1.0,13,4.0,3.3763886032268267,80.0,6.520142775970149,8,16,0.0,PCA,1.0249981905144034,0.6030555717894776,True,True,0.010153175446658553,0.9898468245533415
5b8ca880-1666-4305-83d8-ff0882f875ce,25,9,20.0,5.196152422706632,3.0,0.5,1.0,1.0,13,4.0,3.3763886032268267,80.0,6.008259414991275,8,16,0.0,PCA,1.0280598720906566,0.6040061438385312,True,True,0.010021513187255283,0.9899784868127448
1d0de371-0d29-4da9-9e09-f2f25a2a4d77,25,9,20.0,5.196152422706632,2.0,0.5,0.8,0.6,13,4.0,3.3763886032268267,64.0,7.280565259393362,10,16,0.0,PCA,0.9790164862031325,0.5234080006305661,True,False,0.16023966380732493,0.8397603361926749
11dee35c-fadc-4813-8393-d81b91abae75,25,9,20.0,5.196152422706632,2.0,0.5,0.8,0.6,13,4.0,3.3763886032268267,64.0,6.900354017681756,10,16,0.0,PCA,0.9812906092603983,0.5241140563586053,True,False,0.150382849119154,0.8496171508808458
0a7cc9c9-c999-4564-b93a-39498416942f,25,9,20.0,5.196152422706632,4.0,0.5,1.2,1.4,13,4.0,3.3763886032268267,96.0,6.520142775970149,8,16,0.0,PCA,1.0646524359093668,0.6749848690393099,True,True,0.04038131564299784,0.959618684357002
85ee9159-e41c-4cda-b8b6-326cc11cf6a2,25,9,20.0,5.196152422706632,4.0,0.5,1.2,1.4,13,4.0,3.3763886032268267,96.0,6.008259414991275,8,16,0.0,PCA,1.06771411748562,0.6759354410883636,True,True,0.04040220360077148,0.9595977963992284
5c16cc3c-7fae-48ff-acf1-80cefb5da544,25,9,20.0,5.196152422706632,3.0,0.5,1.0,1.0,13,4.0,3.3763886032268267,80.0,7.280565259393362,10,16,0.0,PCA,1.0186707315980956,0.5953372978803984,True,True,0.010147999965307644,0.9898520000346925
3e55e04b-968e-4e69-83e6-30006e2217af,25,9,20.0,5.196152422706632,3.0,0.5,1.0,1.0,13,4.0,3.3763886032268267,80.0,6.900354017681756,10,16,0.0,PCA,1.0209448546553614,0.5960433536084375,True,True,0.009925783549460462,0.9900742164505396
6a495f07-1a27-4ff1-b428-045e99d471d9,25,9,20.0,5.196152422706632,1.0,0.5,0.6,0.2,13,4.0,3.3763886032268267,48.0,7.280565259393362,10,16,0.0,PCA,0.9393622408081693,0.4514787033807339,True,True,0.02897198466537713,0.9710280153346228
69141746-d69a-420a-bb6d-c4757dd181bc,25,9,20.0,5.196152422706632,1.0,0.5,0.6,0.2,13,4.0,3.3763886032268267,48.0,6.900354017681756,10,16,0.0,PCA,0.941636363865435,0.4521847591087731,True,True,0.0276298274409728,0.9723701725590271
bf74bd34-2115-4c60-9843-016a1571da70,25,9,20.0,5.196152422706632,1.7990499999999998,0.5,0.7598099999999999,0.51962,13,4.0,3.3763886032268267,60.78480000000002,7.280565259393362,10,16,0.0,PCA,0.9710479655910147,0.5089538083482124,False,False,0.2761532966445127,0.7238467033554873
551ad48b-a6d7-4b56-b9b3-ddfe03e85b9a,25,9,20.0,5.196152422706632,1.7990499999999998,0.5,0.7598099999999999,0.51962,13,4.0,3.3763886032268267,60.78480000000002,6.900354017681756,10,16,0.0,PCA,0.9733220886482804,0.5096598640762515,True,False,0.260814916589056,0.7391850834109439
7f9dce03-6492-4ed4-84af-a366c7aa4963,25,9,20.0,5.196152422706632,1.0771999999999995,0.5,0.6154399999999999,0.2308799999999999,13,4.0,3.3763886032268267,49.23519999999996,7.280565259393362,10,16,0.0,PCA,0.9424235485526605,0.4570316451284211,True,True,0.04282393996259344,0.9571760600374065
3340fb5c-ad9b-4766-824f-a3387504291e,25,9,20.0,5.196152422706632,1.0771999999999995,0.5,0.6154399999999999,0.2308799999999999,13,4.0,3.3763886032268267,49.23519999999996,6.900354017681756,10,16,0.0,PCA,0.9446976716099262,0.45773770085646026,True,True,0.040687837822817964,0.9593121621771821
536630f4-628c-48cb-951c-6bde776695d0,25,9,20.0,5.196152422706632,3.87132,0.5,1.1742640000000002,1.348528,13,4.0,3.3763886032268267,93.94111999999996,6.520142775970149,8,16,0.0,PCA,1.059549727611943,0.6657290070692015,True,True,0.03748626416560031,0.9625137358343999
f76b7888-eae2-466d-b0b9-616691b6c5ab,25,9,20.0,5.196152422706632,3.87132,0.5,1.1742640000000002,1.348528,13,4.0,3.3763886032268267,93.94111999999996,6.008259414991275,8,16,0.0,PCA,1.0626114091881962,0.6666795791182552,True,True,0.037505599584947515,0.9624944004150522
015fac89-f9df-48a9-b96f-769c287e107f,25,9,20.0,5.196152422706632,5.0,0.5,1.4,1.8,13,4.0,3.3763886032268267,112.0,6.520142775970149,8,16,0.0,PCA,1.1043066813043299,0.7469141662891419,True,True,0.04278334813564529,0.9572166518643546
80d23438-84c9-4f68-841e-d39a0aa5779f,25,9,20.0,5.196152422706632,5.0,0.5,1.4,1.8,13,4.0,3.3763886032268267,112.0,6.008259414991275,8,16,0.0,PCA,1.107368362880583,0.7478647383381956,True,True,0.04281085426405782,0.9571891457359423
c3fcc49a-bd14-44c0-ae50-c07b334266ce,25,9,20.0,5.196152422706632,3.87132,0.5,1.1742640000000002,1.348528,13,4.0,3.3763886032268267,93.94111999999996,7.280565259393362,10,16,0.0,PCA,1.0532222686956352,0.6580107331601224,True,True,0.03750719833429357,0.9624928016657065
4c61ca43-aea8-4ec1-a1ec-63a65f92cf54,25,9,20.0,5.196152422706632,3.87132,0.5,1.1742640000000002,1.348528,13,4.0,3.3763886032268267,93.94111999999996,6.900354017681756,10,16,0.0,PCA,1.055496391752901,0.6587167888881615,True,True,0.037437584402059194,0.9625624155979408
760ef1da-42a2-4af4-a1be-62e2203e1327,25,9,20.0,5.196152422706632,5.0,0.5,1.4,1.8,13,4.0,3.3763886032268267,112.0,7.280565259393362,10,16,0.0,PCA,1.097979222388022,0.7391958923800628,True,True,0.042809817126533416,0.9571901828734667
53298955-9478-407f-ad45-e9a7b67f860d,25,9,20.0,5.196152422706632,5.0,0.5,1.4,1.8,13,4.0,3.3763886032268267,112.0,6.900354017681756,10,16,0.0,PCA,1.1002533454452879,0.739901948108102,True,True,0.042779894172865505,0.9572201058271346
92c0868c-00eb-466a-877e-4550670b53bf,25,9,20.0,5.196152422706632,2.0,0.5,0.8,0.6,13,4.0,3.3763886032268267,64.0,6.520142775970149,8,16,0.0,PCA,0.9853439451194403,0.5311262745396453,True,False,0.16068980645689818,0.839310193543102
63d014e9-8e0a-47bc-b765-f080100e325b,25,9,20.0,5.196152422706632,2.0,0.5,0.8,0.6,13,4.0,3.3763886032268267,64.0,6.008259414991275,8,16,0.0,PCA,0.9884056266956935,0.532076846588699,True,False,0.14530012497187947,0.8546998750281205
c02180a4-329c-4381-8735-b60e26b5b48c,25,9,20.0,5.196152422706632,1.0,0.5,0.6,0.2,13,4.0,3.3763886032268267,48.0,6.520142775970149,8,16,0.0,PCA,0.945689699724477,0.4591969772898131,True,True,0.028744003328332664,0.9712559966716673
b34333c1-7ce1-41ab-abd9-8586bcf2b457,25,9,20.0,5.196152422706632,1.0,0.5,0.6,0.2,13,4.0,3.3763886032268267,48.0,6.008259414991275,8,16,0.0,PCA,0.9487513813007302,0.4601475493388668,True,True,0.027057732253068123,0.9729422677469317
4e1617a3-7a5f-4c86-99b6-4cfc8b547197,13,7,9.4,2.939387691339814,2.1338361698817847,0.0694890013724332,0.5700247768092375,0.6911985613743284,3,2.0434782608695654,0.6901959941907626,13.110569866612463,0.0,1,5,2.986675531148493,PCA,0.7875922849810096,-0.09512367776076897,False,False,0.27609648551244864,0.7239035144875514
3e803f97-2478-4630-a7a3-12fbc69f7666,13,7,9.4,2.939387691339814,2.6939906658488786,0.1025495061900212,0.7331459754656263,0.8635740306754183,3,2.0434782608695654,0.6901959941907626,16.862357435709406,1.3979400086720375,2,5,4.3001652055729656,PCA,0.822634198341871,-0.008986426485480259,False,False,0.27609648844146917,0.7239035115585308
f847059f-a89f-4008-9ae1-39847c899e75,298,162,250.8,47.016592815728366,4.215752155802902,6.0190100417099445e-05,0.1075317701444541,0.4351089880476254,10,5.610738255033557,2.1185599644542643,48.06670125457093,2.0,2,10,4.284928380572785,PCA,0.583129433628552,-0.27271530298660956,False,False,0.27627163800677357,0.7237283619932262
2b2eefc4-9c8c-4a02-b621-059774f620c4,7305,2251,6053.9473684210525,1598.783401731132,3.2548140278840143,5.082747526447511e-07,0.0070246780924028,0.0820927520857259,19,9.510914503059368,3.620564658672264,84.95645684951972,4.465992220784308,4,19,3.4771138724250674,PCA,0.44897774966810955,-0.2982101605033234,False,False,0.276120245947485,0.7238797540525153
